Generated by trjconv : PL in water t=   0.00000
99
    1REA    CA1    1  -0.450   0.997   4.466 -0.3219 -0.1899  0.3162
    1REA    CB1    2  -0.455   0.946   4.343 -0.3703  0.4734  0.0156
    1REA    HB1    3  -0.550   0.919   4.307 -3.1207  2.3042 -0.6600
    1REA    CC1    4  -0.383   1.061   4.576 -0.2776  0.1068 -0.4350
    1REA    CC2    5  -0.567   1.030   4.546  1.1203  0.5106 -0.4915
    1REA    NC1    6  -0.305   1.115   4.636  0.4048  0.5426  0.3238
    1REA    NC2    7  -0.650   1.106   4.548  0.0468  0.5748 -0.3170
    2REB    CA2    8  -0.340   0.935   4.258  0.9148  0.4592 -0.2710
    2REB    CB2    9  -0.206   0.964   4.292 -0.7205 -0.2431  0.0604
    2REB    HB2   10  -0.177   0.992   4.398  1.8145 -1.9201 -2.9674
    2REB    CC2   11  -0.099   0.942   4.209  0.7753 -0.2052  0.2832
    2REB    HC2   12   0.007   0.961   4.236  4.2631 -0.5778 -1.7887
    2REB    CD2   13  -0.118   0.906   4.071  0.2956  0.3141 -0.0988
    2REB    CE2   14  -0.257   0.907   4.030  0.1080  0.1411  0.7081
    2REB    CF2   15  -0.386   0.906   4.120  0.7874  0.2323  0.5788
    2REB    NE2   16  -0.499   0.884   4.032  0.7432  0.4317  0.2095
    2REB    NF2   17  -0.295   0.879   3.897 -0.3439 -0.3597  0.0935
    2REB     SN   18  -0.443   0.854   3.896 -0.5645 -0.1700 -0.1915
    3REC    CA3   19   0.002   0.893   4.006  0.4064 -0.0982  0.7499
    3REC    CB3   20   0.028   0.864   3.866 -0.0134  0.4314 -0.0156
    3REC    HB3   21  -0.039   0.873   3.772  1.6669  0.9475 -1.2709
    3REC    CC3   22   0.173   0.838   3.844 -1.4225  0.0157 -0.5543
    3REC    CD3   23   0.246   0.850   3.974  0.2368  0.2756 -0.2172
    3REC     S3   24   0.145   0.891   4.068 -0.1713 -0.1905  0.1801
    3REC    CE3   25   0.268   0.790   3.725 -0.1424  0.4008  0.1832
    3REC    CF3   26   0.409   0.784   3.803 -0.3342 -0.2478  0.6826
    3REC    CG3   27   0.388   0.820   3.942 -0.5345  0.1906 -0.3774
    3REC    CH3   28   0.559   0.753   3.781  0.0987  0.7104  0.2968
    3REC    HH3   29   0.617   0.732   3.692 -1.2878  2.1657 -1.0889
    3REC    CJ3   30   0.624   0.763   3.912 -0.4468  0.4796 -0.6691
    3REC     S4   31   0.519   0.807   4.008 -0.2344 -0.0945  0.3893
    4RED    CA2   32   0.756   0.752   3.949  0.4043  0.2379 -0.9073
    4RED    CB2   33   0.776   0.765   4.090  0.0905  0.7251 -0.2976
    4RED    HB2   34   0.688   0.781   4.152 -0.4703 -0.8333 -0.2528
    4RED    CC2   35   0.901   0.740   4.146 -0.0484 -0.3033  0.6224
    4RED    HC2   36   0.915   0.753   4.252  1.4488  0.1940  1.4353
    4RED    CD2   37   1.013   0.696   4.078  0.6882 -0.6341 -0.4305
    4RED    CE2   38   0.865   0.712   3.869 -0.5497  0.1268  0.5241
    4RED    CF2   39   1.004   0.686   3.933 -0.0091 -0.0824 -0.1622
    4RED    NE2   40   0.880   0.700   3.725 -0.2721  0.1748 -0.0136
    4RED    NF2   41   1.096   0.655   3.827 -0.4565 -0.7795 -0.0357
    4RED     SN   42   1.023   0.667   3.700  0.1409  0.2359 -0.1264
    5REE    CA1   43   1.183   0.708   4.256  0.5979 -0.0978 -0.3063
    5REE    CB1   44   1.143   0.674   4.132 -0.5847  0.2532 -0.2000
    5REE    HB1   45   1.216   0.627   4.068 -0.1688 -1.7927  1.5331
    5REE    CC1   46   1.144   0.776   4.377  0.6855 -0.7686  0.0650
    5REE    CC2   47   1.323   0.697   4.285 -0.7064  0.7304 -0.2182
    5REE    NC1   48   1.109   0.836   4.469  0.1754 -0.3178  0.0542
    5REE    NC2   49   1.427   0.703   4.336 -0.3008 -0.0505  0.2577
    6REF    CA4   50   0.222   0.651   3.674 -1.4501 -0.6870 -0.0390
    6REF    CB4   51   0.096   0.642   3.593 -0.9063  0.0643  0.8827
    6REF    CC4   52   0.044   0.498   3.582 -0.2519  0.0263  0.5609
    6REF    CD4   53  -0.097   0.486   3.631  0.3664 -0.3336  0.9532
    6REF    CE4   54  -0.107   0.517   3.779 -0.3589 -0.2428  0.3774
    6REF    CF4   55  -0.241   0.508   3.843  0.4933  0.1168 -0.3510
    6REF    CG4   56  -0.221   0.534   3.992 -0.4771 -0.9695  0.6672
    6REF    CH4   57  -0.354   0.529   4.060 -0.0702  0.0843  0.1044
    6REF    HA1   58   0.193   0.598   3.763 -0.1374  1.6746 -0.4836
    6REF    HA2   59   0.300   0.589   3.625  0.0470  2.0752  3.2724
    6REF    HB1   60   0.115   0.673   3.489  0.7116 -0.4007 -3.0649
    6REF    HB2   61   0.027   0.721   3.623  0.1214  2.0801 -0.2380
    6REF    HC1   62   0.106   0.433   3.640 -1.3529  1.3882 -1.5537
    6REF    HC2   63   0.034   0.462   3.478 -1.2687  1.0625  0.5464
    6REF    HD1   64  -0.112   0.379   3.615 -0.9860  0.8718  0.0344
    6REF    HD2   65  -0.166   0.551   3.577 -1.4488 -2.8953 -1.3754
    6REF    HE1   66  -0.059   0.613   3.794  0.0446  0.6572  1.2661
    6REF    HE2   67  -0.046   0.445   3.836  2.3485  1.2896  0.0692
    6REF    HF1   68  -0.285   0.416   3.821  0.7169 -0.3152  1.0491
    6REF    HF2   69  -0.300   0.593   3.801  1.2099 -1.7874  2.1140
    6REF    HG1   70  -0.184   0.640   4.013  1.9259  1.1548 -1.2110
    6REF    HG2   71  -0.158   0.460   4.044 -1.0204 -0.1578  2.2293
    6REF    HH1   72  -0.423   0.594   4.007 -0.3018 -0.5683 -2.9579
    6REF    HH2   73  -0.346   0.565   4.162  1.4535  1.7300  0.3415
    6REF    HH3   74  -0.398   0.432   4.037 -2.2432  2.5661 -0.8599
    7REG    CA4   75   0.275   0.881   3.594  0.1491 -0.5457  0.5028
    7REG    CB4   76   0.337   1.017   3.612 -0.5932 -0.4376 -0.3323
    7REG    CC4   77   0.283   1.125   3.520  0.3420 -0.5962 -0.3273
    7REG    CD4   78   0.329   1.104   3.377  0.3312 -0.4284  0.2410
    7REG    CE4   79   0.242   1.181   3.277  0.3924  0.5447  0.0451
    7REG    CF4   80   0.277   1.329   3.274  0.0902  0.2969 -0.9296
    7REG    CG4   81   0.204   1.404   3.161 -0.3460 -0.1405  0.3258
    7REG    CH4   82   0.238   1.556   3.164 -0.3640  0.6835  0.0337
    7REG    HA1   83   0.170   0.908   3.558 -0.4838  1.9116  0.5504
    7REG    HA2   84   0.321   0.830   3.507  2.6496  0.5838 -0.6944
    7REG    HB1   85   0.450   1.005   3.607  0.2134 -2.2206  0.0113
    7REG    HB2   86   0.316   1.039   3.714  0.7863 -2.4660  2.4213
    7REG    HC1   87   0.329   1.221   3.552 -1.2882 -2.0364  1.9317
    7REG    HC2   88   0.169   1.127   3.527  0.3413 -2.3325  0.1437
    7REG    HD1   89   0.327   0.995   3.350 -0.6691  0.7332 -0.9436
    7REG    HD2   90   0.429   1.146   3.365 -1.2170  0.9664  2.3982
    7REG    HE1   91   0.135   1.164   3.289  1.9639  1.0768 -1.0802
    7REG    HE2   92   0.277   1.136   3.183 -0.9979 -1.3456 -0.4352
    7REG    HF1   93   0.383   1.338   3.266 -0.2424  0.6445  1.3750
    7REG    HF2   94   0.263   1.368   3.374 -0.2991  1.1677  0.7626
    7REG    HG1   95   0.099   1.392   3.180 -2.6664 -0.5591 -1.4076
    7REG    HG2   96   0.214   1.363   3.063 -0.2681 -1.2429 -0.0988
    7REG    HH1   97   0.175   1.597   3.082  0.0808  0.3825  0.4808
    7REG    HH2   98   0.349   1.576   3.164 -0.6843  1.2258 -2.5195
    7REG    HH3   99   0.191   1.609   3.248  2.4004  3.6029 -2.2464
6.40092   6.40092   6.35350
































































































































































































































































































































































































































































































































































































































































































































































































































































































































































































































































































































































































































































































































































































































































































































































































































































































































































































































































































































































































































































































































































































































































































































































































































































































































































































































































































































































































































































































































































































































































































































































































































































































































































































































































































