  13.85 
  13.06 
   0.96 
  -0.07 
  23.28 
  22.89 
   1.35 
   1.09 
   0.18 
   8.62 
  20.64 
   9.04 
   0.13 
   2.22 
  14.88 
  11.87 
  18.13 
   0.21 
   1.04 
   0.17 
  10.26 
  13.30 
   7.81 
   0.32 
   1.40 
   0.99 
   0.17 
   1.06 
   0.26 
  11.76 
  11.16 
  10.29 
   4.42 
  13.93 
   5.71 
   0.40 
   3.54 
   1.07 
   0.27 
   1.11 
   0.28 
   1.48 
   0.74 
   0.60 
   0.21 
   0.15 
   1.10 
   0.21 
   1.18 
   2.71 
   0.40 
   2.24 
   0.46 
   2.67 
   3.67 
   2.14 
  -0.00 
   0.53 
   1.14 
   1.05 
   0.25 
   0.20 
   0.92 
   0.92 
   0.25 
   0.28 
   0.32 
   0.28 
   0.31 
   0.25 
   0.19 
  13.85 
  13.06 
   0.96 
  -0.07 
  23.28 
  22.89 
   1.34 
   1.09 
   0.18 
   8.62 
  20.64 
   9.04 
   0.13 
   2.22 
  14.88 
  11.87 
  18.13 
   0.21 
   1.04 
   0.17 
  10.25 
  13.30 
   7.81 
   0.32 
   1.39 
   0.99 
   0.17 
   1.06 
   0.26 
  11.76 
  11.16 
  10.29 
   4.42 
  13.93 
   5.71 
   0.40 
   3.54 
   1.07 
   0.27 
   1.11 
   0.28 
   1.48 
   0.74 
   0.60 
   0.21 
   0.15 
   1.10 
   0.21 
   1.18 
   2.71 
   0.40 
   2.24 
   0.46 
   2.67 
   3.67 
   2.14 
  -0.00 
   0.53 
   1.14 
   1.05 
   0.25 
   0.20 
   0.92 
   0.92 
   0.25 
   0.28 
   0.32 
   0.28 
   0.31 
   0.25 
   0.19 
