  14.96 
   0.10 
  12.41 
   7.35 
   3.02 
   0.25 
   3.19 
   4.22 
   2.54 
   0.32 
   1.63 
   0.67 
   2.40 
   0.15 
   2.12 
   0.56 
   3.47 
   2.89 
   2.15 
   0.07 
   0.30 
  15.32 
   9.45 
   7.07 
   0.17 
   9.66 
  11.39 
   8.24 
  10.27 
  10.23 
  10.19 
   8.75 
   7.37 
   8.48 
   0.19 
  10.19 
   8.48 
   0.19 
   8.75 
   7.36 
  10.23 
  10.27 
   8.24 
  11.39 
   9.45 
   9.66 
   7.07 
   0.17 
  15.32 
  14.96 
   0.10 
  12.41 
   7.35 
   3.01 
   0.25 
   3.19 
   4.22 
   2.54 
   0.32 
   1.64 
   0.67 
   2.40 
   0.15 
   2.12 
   0.56 
   3.47 
   2.89 
   2.15 
   0.07 
   0.30 
   0.94 
   0.67 
   0.16 
   1.02 
   0.25 
   2.54 
   0.73 
   0.26 
   1.01 
   0.17 
   0.98 
   0.96 
   0.16 
   0.78 
   0.28 
   2.73 
   1.04 
   0.28 
   0.79 
   0.20 
   0.98 
   0.79 
   0.20 
   1.04 
   0.28 
   2.74 
   0.79 
   0.28 
   0.96 
   0.16 
   0.94 
   0.67 
   0.16 
   1.02 
   0.25 
   2.54 
   0.73 
   0.26 
   1.01 
   0.17 
   2.61 
   0.31 
   0.29 
   0.26 
   2.47 
   0.31 
   0.30 
   0.26 
   2.47 
   0.31 
   0.26 
   0.30 
   2.61 
   0.29 
   0.31 
   0.26 
