  13.17 
   0.57 
   0.54 
  13.87 
   0.95 
   9.20 
   0.13 
  11.22 
   0.19 
   0.95 
   0.17 
   0.99 
   1.08 
   0.18 
  10.17 
   0.00 
   1.04 
   0.18 
  13.93 
   7.78 
   0.33 
  11.63 
  23.05 
  11.94 
   1.28 
  15.10 
   1.32 
   8.67 
  23.42 
  20.58 
   4.39 
  18.01 
   0.21 
   1.04 
   0.24 
   2.20 
   0.63 
   0.21 
   0.21 
   0.42 
   1.16 
  13.16 
   1.03 
   0.26 
   2.23 
   2.11 
   0.00 
   1.04 
   0.20 
   1.11 
   1.04 
   0.27 
   3.53 
  10.36 
   0.91 
   0.30 
   0.25 
   1.09 
   0.27 
   0.90 
   0.25 
   0.29 
   1.48 
   2.66 
   0.37 
   5.76 
   2.66 
   3.67 
  13.13 
   0.58 
   0.54 
  13.86 
   0.95 
   9.00 
   0.14 
  11.22 
   0.19 
   0.17 
   0.09 
   0.90 
   0.20 
   0.10 
   8.72 
   0.00 
   0.16 
   0.10 
  13.84 
   7.84 
   0.32 
  11.80 
  22.92 
  11.60 
   0.12 
  14.85 
   0.10 
   8.46 
  23.24 
  20.50 
   4.46 
  18.17 
   0.20 
   0.19 
   0.14 
   2.33 
   0.58 
   0.21 
   0.21 
   0.39 
   0.14 
  13.40 
   0.20 
   0.15 
   2.25 
   2.17 
   0.00 
   0.19 
   0.11 
   0.13 
   0.18 
   0.15 
   3.58 
  10.35 
   0.19 
   0.18 
   0.17 
   0.21 
   0.16 
   0.19 
   0.16 
   0.18 
   1.51 
   2.69 
   0.37 
   5.69 
   2.66 
   3.67 
   0.14 
   0.30 
   0.18 
   0.14 
   0.30 
   0.19 
