  13.37 
   1.82 
   0.54 
  14.16 
   2.94 
   9.25 
   0.13 
  11.45 
   0.19 
   0.94 
   0.17 
   1.00 
   1.08 
   0.18 
  10.30 
   0.00 
   1.04 
   0.18 
  14.19 
   7.99 
   0.33 
  11.82 
  23.42 
  12.07 
   1.27 
  15.23 
   1.32 
   8.71 
  23.72 
  20.97 
   4.75 
  18.59 
   0.21 
   1.03 
   0.24 
   2.46 
   0.63 
   0.21 
   0.21 
   0.42 
   1.16 
  13.63 
   1.03 
   0.26 
   3.04 
   2.56 
   0.01 
   1.04 
   0.20 
   1.11 
   1.04 
   0.27 
   3.93 
  10.58 
   0.90 
   0.30 
   0.25 
   1.09 
   0.27 
   0.90 
   0.25 
   0.29 
   2.43 
   3.08 
   0.35 
   5.64 
   2.61 
   3.60 
  13.33 
   1.84 
   0.53 
  14.14 
   2.94 
   9.04 
   0.14 
  11.44 
   0.19 
   0.17 
   0.09 
   0.91 
   0.20 
   0.10 
   8.85 
   0.00 
   0.16 
   0.10 
  14.11 
   8.05 
   0.32 
  11.99 
  23.29 
  11.73 
   0.12 
  14.98 
   0.10 
   8.50 
  23.54 
  20.89 
   4.82 
  18.75 
   0.20 
   0.19 
   0.14 
   2.59 
   0.58 
   0.21 
   0.21 
   0.39 
   0.14 
  13.87 
   0.20 
   0.15 
   3.06 
   2.62 
   0.02 
   0.19 
   0.11 
   0.13 
   0.18 
   0.15 
   3.98 
  10.57 
   0.19 
   0.18 
   0.17 
   0.21 
   0.16 
   0.18 
   0.16 
   0.18 
   2.45 
   3.11 
   0.34 
   5.58 
   2.61 
   3.60 
   0.14 
   0.30 
   0.18 
   0.14 
   0.30 
   0.19 
