  15.75 
   0.10 
  13.10 
   7.76 
   3.36 
   0.27 
   3.63 
   4.66 
   2.98 
   0.28 
   2.58 
   2.71 
   2.87 
   0.14 
   3.05 
   2.24 
   3.45 
   2.87 
   2.12 
   0.06 
   0.29 
  15.97 
   9.87 
   7.36 
   0.17 
  10.04 
  11.85 
   8.57 
  10.76 
  10.73 
  10.61 
   9.13 
   7.69 
   8.81 
   0.19 
  10.61 
   8.81 
   0.19 
   9.13 
   7.69 
  10.73 
  10.76 
   8.57 
  11.85 
   9.87 
  10.04 
   7.36 
   0.17 
  15.97 
  15.75 
   0.10 
  13.10 
   7.76 
   3.36 
   0.27 
   3.63 
   4.66 
   2.98 
   0.28 
   2.58 
   2.71 
   2.87 
   0.14 
   3.04 
   2.24 
   3.45 
   2.87 
   2.12 
   0.06 
   0.29 
   0.94 
   0.66 
   0.16 
   1.02 
   0.25 
   2.53 
   0.73 
   0.26 
   1.01 
   0.17 
   0.98 
   0.95 
   0.16 
   0.78 
   0.28 
   2.72 
   1.04 
   0.28 
   0.79 
   0.20 
   0.98 
   0.79 
   0.20 
   1.04 
   0.28 
   2.73 
   0.78 
   0.28 
   0.95 
   0.16 
   0.94 
   0.66 
   0.16 
   1.02 
   0.25 
   2.53 
   0.73 
   0.26 
   1.01 
   0.17 
   2.60 
   0.31 
   0.29 
   0.26 
   2.46 
   0.31 
   0.30 
   0.25 
   2.46 
   0.31 
   0.25 
   0.30 
   2.60 
   0.29 
   0.31 
   0.26 
