   3.11 
   7.76 
   7.95 
   7.76 
   7.95 
   1.73 
   1.73 
   0.12 
   6.95 
   5.57 
   6.95 
   0.12 
   5.57 
   8.93 
  10.04 
   0.46 
   9.33 
   0.46 
   8.93 
   1.18 
   7.92 
  10.48 
  10.48 
   9.33 
   0.75 
  10.04 
   7.69 
  11.00 
   0.21 
   9.78 
   9.78 
   1.19 
   7.92 
   0.94 
   0.75 
   6.09 
  13.13 
   7.69 
   7.67 
   1.00 
   7.67 
  10.99 
   5.02 
  13.13 
   2.93 
   2.73 
   1.98 
   0.30 
   1.23 
   1.69 
   1.51 
   0.05 
   6.09 
   2.73 
   2.93 
   1.51 
   1.69 
   1.23 
   1.98 
   2.72 
   0.94 
   1.00 
   2.03 
   2.72 
   1.05 
   5.02 
   0.21 
   0.05 
   0.30 
   0.45 
   0.45 
   2.03 
   1.05 
   0.22 
   0.29 
   0.32 
   0.19 
   0.14 
   0.11 
   0.14 
   0.11 
   0.19 
   0.22 
   0.29 
   0.33 
