  15.16 
   0.10 
  12.57 
   7.49 
   3.09 
   0.26 
   3.22 
   4.27 
   2.55 
   0.30 
   1.65 
   0.87 
   2.42 
   0.13 
   2.14 
   0.72 
   3.50 
   2.92 
   2.16 
   0.05 
   0.29 
  15.48 
   9.57 
   7.18 
   0.17 
   9.78 
  11.56 
   8.34 
  10.43 
  10.39 
  10.36 
   8.89 
   7.48 
   8.61 
   0.19 
  10.36 
   8.61 
   0.19 
   8.89 
   7.48 
  10.39 
  10.43 
   8.34 
  11.56 
   9.57 
   9.78 
   7.18 
   0.17 
  15.48 
  15.16 
   0.10 
  12.57 
   7.49 
   3.09 
   0.26 
   3.22 
   4.27 
   2.55 
   0.30 
   1.65 
   0.87 
   2.42 
   0.13 
   2.14 
   0.72 
   3.50 
   2.92 
   2.16 
   0.05 
   0.29 
   0.94 
   0.66 
   0.16 
   1.02 
   0.25 
   2.53 
   0.73 
   0.26 
   1.01 
   0.17 
   0.97 
   0.95 
   0.16 
   0.78 
   0.28 
   2.74 
   1.04 
   0.28 
   0.79 
   0.20 
   0.97 
   0.79 
   0.20 
   1.04 
   0.28 
   2.73 
   0.78 
   0.28 
   0.95 
   0.16 
   0.94 
   0.66 
   0.16 
   1.01 
   0.25 
   2.53 
   0.73 
   0.26 
   1.01 
   0.17 
   2.61 
   0.31 
   0.29 
   0.26 
   2.47 
   0.31 
   0.30 
   0.26 
   2.47 
   0.31 
   0.25 
   0.30 
   2.61 
   0.29 
   0.31 
   0.26 
